{
  "metadata": {
    "timestamp": "2026-02-02T12:41:12.385576",
    "robot_ip": "192.168.1.195",
    "aruco_dict": "DICT_5X5_100",
    "aruco_size_m": 0.08,
    "z0_reference": [
      136.920029,
      -231.321884,
      1.416724,
      -179.494098,
      0.582698,
      -1.473017
    ],
    "start_position": [
      138.559952,
      -232.821411,
      166.401688,
      -179.494098,
      0.582698,
      -1.473017
    ],
    "total_samples": 44,
    "camera_resolution": [
      1280,
      720
    ],
    "note": "Use tool-frame moves (set_tool_position). YOLO detections must be scaled to camera_resolution when using this calibration."
  },
  "samples": [
    {
      "index": 0,
      "toolhead_pose": [
        107.333298,
        -193.786743,
        157.79985,
        -177.733571,
        10.958276,
        -38.538803
      ],
      "tool_delta": [
        -32.13062111640728,
        -38.13872182677403,
        9.266171106666462,
        2.2131026547782087,
        -10.188394799491931,
        37.07299872969125
      ],
      "aruco_found": true,
      "aruco_pose_camera": {
        "R": [
          [
            0.7977867044703982,
            -0.602877797410815,
            0.008644973067999308
          ],
          [
            -0.5927935617673095,
            -0.7816616968315054,
            0.19390921802152392
          ],
          [
            -0.11014611794107484,
            -0.15982288038818523,
            -0.9809813859635333
          ]
        ],
        "t_mm": [
          -6.039493516224703,
          -22.709292577856196,
          299.9270943220225
        ]
      },
      "timestamp": "2026-02-02T12:39:22.479589"
    },
    {
      "index": 1,
      "toolhead_pose": [
        48.798176,
        -223.094406,
        157.320862,
        -161.084506,
        -8.999792,
        -37.701654
      ],
      "tool_delta": [
        -26.93244270100442,
        59.57309921074484,
        3.3493922082161873,
        16.335953667170145,
        19.905793243467166,
        -1.7014131792207152
      ],
      "aruco_found": true,
      "aruco_pose_camera": {
        "R": [
          [
            0.8061653076389907,
            -0.5230675657382468,
            -0.27658238995278683
          ],
          [
            -0.5742658904908186,
            -0.8042858225777745,
            -0.15278417005429545
          ],
          [
            -0.1425348511000652,
            0.28200112991450504,
            -0.9487671890136298
          ]
        ],
        "t_mm": [
          -16.595013635203973,
          -0.7823305203818451,
          332.58372901588865
        ]
      },
      "timestamp": "2026-02-02T12:39:27.186103"
    },
    {
      "index": 2,
      "toolhead_pose": [
        44.87941,
        -222.429459,
        156.383713,
        173.244733,
        -18.86899,
        49.824066
      ],
      "tool_delta": [
        -3.6106205520395065,
        1.891610475960718,
        -0.24971736061374372,
        0.9372980503742362,
        -0.5922988359973725,
        -84.78211467717234
      ],
      "aruco_found": true,
      "aruco_pose_camera": {
        "R": [
          [
            0.6448011075238662,
            0.7525866639689255,
            0.13358459848395568
          ],
          [
            0.7549304309512676,
            -0.5996993342243474,
            -0.2654067688560487
          ],
          [
            -0.11963099999469037,
            0.27198165700465554,
            -0.9548373694474218
          ]
        ],
        "t_mm": [
          48.83100388556933,
          42.457526663697365,
          332.3095297219696
        ]
      },
      "timestamp": "2026-02-02T12:39:29.720214"
    },
    {
      "index": 3,
      "toolhead_pose": [
        128.888809,
        -365.341187,
        154.858139,
        177.133627,
        -17.447596,
        67.653539
      ],
      "tool_delta": [
        -52.53448118251838,
        157.22310119660264,
        2.166387159102783,
        9.278043397368371,
        1.400497262637758,
        -16.937715274784825
      ],
      "aruco_found": true,
      "aruco_pose_camera": {
        "R": [
          [
            0.37147794161451275,
            0.9269326930880811,
            0.05291428331104747
          ],
          [
            0.8994616179827722,
            -0.3451694423294661,
            -0.26800532430863944
          ],
          [
            -0.2301585033616141,
            0.1471524330972569,
            -0.9619632138309131
          ]
        ],
        "t_mm": [
          -60.23810717203996,
          -28.850261049314962,
          335.9592120458436
        ]
      },
      "timestamp": "2026-02-02T12:39:32.725069"
    },
    {
      "index": 4,
      "toolhead_pose": [
        60.432648,
        -250.650253,
        395.631104,
        -177.602936,
        -0.652542,
        33.026892
      ],
      "tool_delta": [
        148.55916032077886,
        -96.50158769411502,
        -210.78305542154393,
        -5.289558214249683,
        -15.30528592807246,
        35.177973431515696
      ],
      "aruco_found": true,
      "aruco_pose_camera": {
        "R": [
          [
            0.8299153758494077,
            0.5568438510346397,
            -0.03413787476759263
          ],
          [
            0.5543158129111568,
            -0.8299690078482498,
            -0.062333181918101735
          ],
          [
            -0.0630432271174252,
            0.03280810229659355,
            -0.9974713930425859
          ]
        ],
        "t_mm": [
          25.455984871573232,
          -39.186972897290644,
          553.3900711941478
        ]
      },
      "timestamp": "2026-02-02T12:39:36.130282"
    },
    {
      "index": 5,
      "toolhead_pose": [
        176.656021,
        -264.428314,
        115.114197,
        174.322868,
        7.689724,
        91.988259
      ],
      "tool_delta": [
        86.73333661622577,
        86.60626621050224,
        278.1440732457832,
        -6.364754899653273,
        -10.079285311875738,
        -58.84149175846144
      ],
      "aruco_found": true,
      "aruco_pose_camera": {
        "R": [
          [
            -0.07610370649580045,
            0.9894481579588429,
            0.12329058589143772
          ],
          [
            0.9843236753297634,
            0.05482131675595914,
            0.1676350960105004
          ],
          [
            0.15910728469466112,
            0.13411549478339826,
            -0.9781093527904211
          ]
        ],
        "t_mm": [
          -59.138989415490386,
          3.344061676919046,
          259.9532943527415
        ]
      },
      "timestamp": "2026-02-02T12:39:40.365928"
    },
    {
      "index": 6,
      "toolhead_pose": [
        70.212425,
        -175.626953,
        85.823639,
        -162.719899,
        2.693646,
        7.379926
      ],
      "tool_delta": [
        95.5289503430709,
        -104.43974027321907,
        6.357509797755199,
        25.508221233836824,
        -7.59807609609838,
        84.25025281088514
      ],
      "aruco_found": true,
      "aruco_pose_camera": {
        "R": [
          [
            0.953088928842112,
            0.13161516469194162,
            -0.2725783229490352
          ],
          [
            0.16022715744428656,
            -0.9833772683206777,
            0.08541900355006299
          ],
          [
            -0.2568048904049907,
            -0.12508635646334476,
            -0.9583343110265884
          ]
        ],
        "t_mm": [
          68.90485683402488,
          -15.167425593092641,
          214.61757046778195
        ]
      },
      "timestamp": "2026-02-02T12:39:43.985029"
    },
    {
      "index": 7,
      "toolhead_pose": [
        58.577915,
        -252.237823,
        112.077873,
        -174.577776,
        0.10531,
        -1.14878
      ],
      "tool_delta": [
        -22.588870846293663,
        63.62841618926427,
        -46.20648866943901,
        -11.327280713635561,
        4.97252112148268,
        7.402315623214826
      ],
      "aruco_found": true,
      "aruco_pose_camera": {
        "R": [
          [
            0.9986373446430853,
            0.004328426464602126,
            -0.05200690923855909
          ],
          [
            0.0066018575806088,
            -0.9990262906396142,
            0.043622082565352056
          ],
          [
            -0.051767454647611844,
            -0.043905982908865236,
            -0.9976935377680431
          ]
        ],
        "t_mm": [
          -31.624560221628087,
          -29.92684605961398,
          267.20266705470647
        ]
      },
      "timestamp": "2026-02-02T12:39:46.709183"
    },
    {
      "index": 8,
      "toolhead_pose": [
        -10.023018,
        -258.767395,
        112.113205,
        -175.124722,
        2.697944,
        -11.989256
      ],
      "tool_delta": [
        -68.45618480244646,
        7.876800965010943,
        -0.6567618859208437,
        -0.4320851655752517,
        -1.5650800388037458,
        11.033038431299422
      ],
      "aruco_found": true,
      "aruco_pose_camera": {
        "R": [
          [
            0.9821254640873566,
            -0.18344145882415872,
            -0.04217586958983788
          ],
          [
            -0.1799215995901335,
            -0.9807440212094232,
            0.07595645372776622
          ],
          [
            -0.055297294618472964,
            -0.06701041744710373,
            -0.9962187576839953
          ]
        ],
        "t_mm": [
          -71.38075872668327,
          -95.71025914099735,
          261.9733406674709
        ]
      },
      "timestamp": "2026-02-02T12:39:49.262553"
    },
    {
      "index": 9,
      "toolhead_pose": [
        60.01149,
        -317.723602,
        135.640106,
        171.753381,
        -0.230386,
        0.329451
      ],
      "tool_delta": [
        79.55675016965797,
        40.64569909368032,
        -30.867982974618457,
        -13.587623759022879,
        1.8160255540044683,
        -12.529035541778574
      ],
      "aruco_found": true,
      "aruco_pose_camera": {
        "R": [
          [
            0.9838730431325088,
            0.04224922391279015,
            0.1738068988157356
          ],
          [
            0.03671960921169254,
            -0.9987156705101197,
            0.034909594338269345
          ],
          [
            0.17505857675794415,
            -0.02796448741330446,
            -0.9841608009604904
          ]
        ],
        "t_mm": [
          -125.31186905211707,
          -26.844484459112028,
          275.01776514229675
        ]
      },
      "timestamp": "2026-02-02T12:39:51.814285"
    },
    {
      "index": 10,
      "toolhead_pose": [
        45.234863,
        -307.011871,
        227.118378,
        -179.045186,
        1.926972,
        -2.189157
      ],
      "tool_delta": [
        -14.346838988588331,
        2.4446139540568765,
        -92.13878775125399,
        9.191156333288163,
        -2.4960494861439257,
        2.183619344504418
      ],
      "aruco_found": true,
      "aruco_pose_camera": {
        "R": [
          [
            0.9995865381293577,
            -0.014542006440757219,
            0.02480489546927412
          ],
          [
            -0.015802856011098283,
            -0.9985522846680811,
            0.05141599484642795
          ],
          [
            0.02402129331358191,
            -0.051786724484489136,
            -0.9983692266064246
          ]
        ],
        "t_mm": [
          -98.43840534436434,
          -52.26054825223404,
          378.53811200124335
        ]
      },
      "timestamp": "2026-02-02T12:39:54.654730"
    },
    {
      "index": 11,
      "toolhead_pose": [
        117.840569,
        -286.398346,
        223.031784,
        -178.305554,
        2.083103,
        11.823328
      ],
      "tool_delta": [
        71.86213677052869,
        -23.340831517107404,
        2.060361635424897,
        0.3014767681056422,
        -0.4444266736542376,
        -13.997816353506973
      ],
      "aruco_found": true,
      "aruco_pose_camera": {
        "R": [
          [
            0.9729120557140136,
            0.23002948489201755,
            -0.02299060518221968
          ],
          [
            0.23113265499357452,
            -0.9698248057461676,
            0.07757281711417802
          ],
          [
            -0.004452824042435981,
            -0.08078540858175765,
            -0.9967215710108444
          ]
        ],
        "t_mm": [
          -62.7667295678378,
          7.208620483170186,
          376.40536318950427
        ]
      },
      "timestamp": "2026-02-02T12:39:58.355234"
    },
    {
      "index": 12,
      "toolhead_pose": [
        113.803711,
        -468.795837,
        189.473862,
        177.779751,
        0.866885,
        -5.72889
      ],
      "tool_delta": [
        -40.076364595024465,
        178.65896648768944,
        29.76799907556253,
        -3.2082204577077182,
        1.6297748167218338,
        17.51483080442742
      ],
      "aruco_found": true,
      "aruco_pose_camera": {
        "R": [
          [
            0.9950000559357698,
            -0.0704194437501435,
            0.07082365868644816
          ],
          [
            -0.07352937772417598,
            -0.9963954040752173,
            0.04230401103063189
          ],
          [
            0.06758934308979175,
            -0.04730011289315013,
            -0.9965913806676163
          ]
        ],
        "t_mm": [
          -267.56972859551456,
          47.997130103560586,
          331.45366578556155
        ]
      },
      "timestamp": "2026-02-02T12:40:06.167545"
    },
    {
      "index": 13,
      "toolhead_pose": [
        83.106148,
        -170.92244,
        170.889847,
        -168.737675,
        5.077609,
        6.711971
      ],
      "tool_delta": [
        -59.99033547890593,
        -293.8563628766348,
        8.11568074918003,
        13.247939077772594,
        -3.750397677123725,
        -12.576906094183432
      ],
      "aruco_found": true,
      "aruco_pose_camera": {
        "R": [
          [
            0.9791386753375686,
            0.11984844726873806,
            -0.16408474683974728
          ],
          [
            0.14089859570591878,
            -0.9823171904028378,
            0.1232904017641881
          ],
          [
            -0.14640710428900466,
            -0.14383771107170534,
            -0.9787112304900569
          ]
        ],
        "t_mm": [
          79.19721766819599,
          -16.49354405469887,
          305.6025670210112
        ]
      },
      "timestamp": "2026-02-02T12:40:09.469305"
    },
    {
      "index": 14,
      "toolhead_pose": [
        18.954927,
        -189.18158,
        181.30954,
        -173.455295,
        3.434653,
        -13.666533
      ],
      "tool_delta": [
        -66.50944003746291,
        9.542456001900177,
        -6.54073932362499,
        -2.2841266424716835,
        5.197079675031881,
        19.741088128209906
      ],
      "aruco_found": true,
      "aruco_pose_camera": {
        "R": [
          [
            0.973946396648971,
            -0.21732002961126717,
            -0.06481065640959748
          ],
          [
            -0.21216229823789906,
            -0.974111623722883,
            0.07806217864229348
          ],
          [
            -0.08009728872376211,
            -0.06227799978906298,
            -0.994839622794235
          ]
        ],
        "t_mm": [
          8.787194391031601,
          -91.07922882829494,
          324.3661901820768
        ]
      },
      "timestamp": "2026-02-02T12:40:11.823759"
    },
    {
      "index": 15,
      "toolhead_pose": [
        170.759857,
        -262.843872,
        188.803802,
        -175.080662,
        8.615624,
        -5.3791
      ],
      "tool_delta": [
        164.16595724499712,
        33.498218348298025,
        -21.317641690542217,
        -2.0918088360364386,
        -6.117699703999777,
        -7.583591717597164
      ],
      "aruco_found": true,
      "aruco_pose_camera": {
        "R": [
          [
            0.9946816387036294,
            -0.07917971038704855,
            -0.06587117039255407
          ],
          [
            -0.06663135261048592,
            -0.9823675480489007,
            0.17468332315847435
          ],
          [
            -0.0785410750827799,
            -0.16936520895217533,
            -0.9824188137049429
          ]
        ],
        "t_mm": [
          -31.0030620056292,
          57.244220967394455,
          347.52631282905384
        ]
      },
      "timestamp": "2026-02-02T12:40:16.411031"
    },
    {
      "index": 16,
      "toolhead_pose": [
        22.691504,
        -242.741684,
        182.741791,
        -176.209675,
        2.100578,
        -2.281518
      ],
      "tool_delta": [
        -146.70788233445367,
        -3.6784543841673667,
        28.781058600541,
        -1.6176181556455647,
        6.211422380648605,
        -3.6629879441967637
      ],
      "aruco_found": true,
      "aruco_pose_camera": {
        "R": [
          [
            0.9994410296940872,
            -0.021737355717056314,
            -0.025399124600128883
          ],
          [
            -0.020781019156916703,
            -0.9990869578828021,
            0.03732827120679323
          ],
          [
            -0.02618735203915382,
            -0.036779586116733376,
            -0.9989802223458977
          ]
        ],
        "t_mm": [
          -25.994327188869832,
          -76.39610816359595,
          331.3576937839968
        ]
      },
      "timestamp": "2026-02-02T12:40:19.983203"
    },
    {
      "index": 17,
      "toolhead_pose": [
        22.765404,
        -242.847488,
        182.748764,
        -176.708091,
        -2.796321,
        67.163201
      ],
      "tool_delta": [
        0.0777453837935056,
        0.1019036272820415,
        -0.016601963454917268,
        -0.0018597579663328758,
        -0.020094336720288042,
        -69.59406947779009
      ],
      "aruco_found": true,
      "aruco_pose_camera": {
        "R": [
          [
            0.36488498041445805,
            0.9300510395507072,
            -0.04317423883045559
          ],
          [
            0.9310178708199753,
            -0.36407832451992894,
            0.025547951553913057
          ],
          [
            0.008042094365292428,
            -0.04951805171258296,
            -0.9987408509081872
          ]
        ],
        "t_mm": [
          105.49180490588081,
          -2.5604610478876584,
          332.82924583262195
        ]
      },
      "timestamp": "2026-02-02T12:40:22.484138"
    },
    {
      "index": 18,
      "toolhead_pose": [
        103.698318,
        -336.968506,
        178.48912,
        175.126555,
        -5.481201,
        68.644698
      ],
      "tool_delta": [
        -55.47450040380326,
        111.02394252705608,
        -4.828162755317578,
        -8.095298875766115,
        2.596612560546169,
        -1.6281871739965286
      ],
      "aruco_found": true,
      "aruco_pose_camera": {
        "R": [
          [
            0.3419579847771842,
            0.9372698974794861,
            0.06774862305553289
          ],
          [
            0.9395335338029295,
            -0.3395844734031901,
            -0.04426199592492104
          ],
          [
            -0.018479055898683813,
            0.07878784615834938,
            -0.9967201210925871
          ]
        ],
        "t_mm": [
          -32.13253156545012,
          -47.48504547036483,
          338.8489866915425
        ]
      },
      "timestamp": "2026-02-02T12:40:25.620946"
    },
    {
      "index": 19,
      "toolhead_pose": [
        214.59639,
        -386.271515,
        176.073181,
        173.109343,
        -1.405351,
        81.437872
      ],
      "tool_delta": [
        -5.739767106520048,
        120.63983909768811,
        12.169228696586714,
        -0.9182738939449648,
        -2.8460200866918703,
        -13.101805312525967
      ],
      "aruco_found": true,
      "aruco_pose_camera": {
        "R": [
          [
            0.1254398165927315,
            0.9840105352643579,
            0.12644413352122452
          ],
          [
            0.9914643817591605,
            -0.1289028952476824,
            0.019555646235552157
          ],
          [
            0.03554197681765645,
            0.12291179799155365,
            -0.991780952528519
          ]
        ],
        "t_mm": [
          -130.53999821696786,
          -87.56392122195103,
          316.51331843319167
        ]
      },
      "timestamp": "2026-02-02T12:40:28.834216"
    },
    {
      "index": 20,
      "toolhead_pose": [
        -21.7955,
        -272.595642,
        225.096222,
        -174.791203,
        -5.496556,
        18.93849
      ],
      "tool_delta": [
        78.39360832158786,
        -243.2183058302326,
        -76.84976377559553,
        7.146363675677012,
        -1.2637663263366437,
        62.48645394217733
      ],
      "aruco_found": true,
      "aruco_pose_camera": {
        "R": [
          [
            0.9347344297514296,
            0.3485845358815774,
            -0.06899541420627614
          ],
          [
            0.34707753992599816,
            -0.9372510404509549,
            -0.03313107985743301
          ],
          [
            -0.07621500584653568,
            0.007022002408697128,
            -0.9970666799998809
          ]
        ],
        "t_mm": [
          17.203770785713534,
          -104.5380966033544,
          390.97371981219806
        ]
      },
      "timestamp": "2026-02-02T12:40:31.895748"
    },
    {
      "index": 21,
      "toolhead_pose": [
        40.043194,
        -283.572144,
        235.633575,
        179.363292,
        -18.179435,
        15.710159
      ],
      "tool_delta": [
        55.685523386716824,
        29.851910149065986,
        -7.970534839504296,
        -6.290002993836066,
        12.923462308082904,
        1.9601350132549122
      ],
      "aruco_found": true,
      "aruco_pose_camera": {
        "R": [
          [
            0.9581355779512614,
            0.2835758581453366,
            0.039508821054772436
          ],
          [
            0.28398893155650295,
            -0.9237070277088132,
            -0.25712956600660636
          ],
          [
            -0.03642116167007817,
            0.25758505321249875,
            -0.9655689718213382
          ]
        ],
        "t_mm": [
          -44.54284255712046,
          9.887580856064986,
          417.1177833356215
        ]
      },
      "timestamp": "2026-02-02T12:40:33.932621"
    },
    {
      "index": 22,
      "toolhead_pose": [
        1.688659,
        -276.172394,
        227.269699,
        -177.031869,
        -10.196758,
        17.595133
      ],
      "tool_delta": [
        -35.784624014315284,
        -17.474785194591277,
        -3.1422354191059014,
        4.204421477320615,
        -7.951755446451289,
        -1.9623149844147636
      ],
      "aruco_found": true,
      "aruco_pose_camera": {
        "R": [
          [
            0.9425097717210372,
            0.3330955324713081,
            -0.026883014302985314
          ],
          [
            0.3266024302463546,
            -0.9351890903582982,
            -0.1369387375142392
          ],
          [
            -0.07075438338035216,
            0.1202860404306101,
            -0.9902146664789366
          ]
        ],
        "t_mm": [
          -6.094579205603203,
          -62.62333416028894,
          403.00724761330474
        ]
      },
      "timestamp": "2026-02-02T12:40:34.966712"
    },
    {
      "index": 23,
      "toolhead_pose": [
        7.933746,
        -184.785889,
        227.633453,
        -159.100582,
        -16.886613,
        16.180214
      ],
      "tool_delta": [
        33.11209780381557,
        -84.81970182558226,
        9.991690846647543,
        17.659194776342318,
        6.754398916483119,
        1.0132705364486305
      ],
      "aruco_found": true,
      "aruco_pose_camera": {
        "R": [
          [
            0.8663099935828941,
            0.37671827152817927,
            -0.3280096628381962
          ],
          [
            0.3063805480418761,
            -0.9193801502663146,
            -0.24672069041296169
          ],
          [
            -0.39450976515159397,
            0.1132408194650225,
            -0.911887362565643
          ]
        ],
        "t_mm": [
          151.58546745528162,
          -4.907247483735047,
          362.6837287555618
        ]
      },
      "timestamp": "2026-02-02T12:40:36.035396"
    },
    {
      "index": 24,
      "toolhead_pose": [
        -8.718171,
        -289.881653,
        229.150208,
        -179.126087,
        -7.199272,
        18.085699
      ],
      "tool_delta": [
        -42.885347387537394,
        84.74785914106377,
        -47.99326876453881,
        -19.770583259221002,
        -9.719208429235987,
        1.6948624367703036
      ],
      "aruco_found": true,
      "aruco_pose_camera": {
        "R": [
          [
            0.9430584598938017,
            0.33244043434035553,
            0.011139965813466771
          ],
          [
            0.33165594511067986,
            -0.9372205124423967,
            -0.10780558951164416
          ],
          [
            -0.02539833253328096,
            0.1053616091031606,
            -0.9941095794889624
          ]
        ],
        "t_mm": [
          -24.429932573722404,
          -88.9815710529502,
          398.9532660588482
        ]
      },
      "timestamp": "2026-02-02T12:40:36.903049"
    },
    {
      "index": 25,
      "toolhead_pose": [
        66.740074,
        -350.063599,
        290.492889,
        163.891082,
        -21.006409,
        16.242093
      ],
      "tool_delta": [
        60.31655887714098,
        79.79753499301046,
        -55.434682369022084,
        -17.246397785501443,
        13.836099988726763,
        1.5573499634571186
      ],
      "aruco_found": true,
      "aruco_pose_camera": {
        "R": [
          [
            0.9378285763579778,
            0.1859384499527113,
            0.29309461645610524
          ],
          [
            0.2840310299822052,
            -0.896465334320633,
            -0.3401121555731922
          ],
          [
            0.19950923631154532,
            0.40221486445751686,
            -0.8935430976935612
          ]
        ],
        "t_mm": [
          -195.79951930009838,
          51.17210985648698,
          427.79636894993916
        ]
      },
      "timestamp": "2026-02-02T12:40:38.447948"
    },
    {
      "index": 26,
      "toolhead_pose": [
        66.005875,
        -349.923279,
        290.212494,
        155.894081,
        -10.224661,
        45.670867
      ],
      "tool_delta": [
        -0.7219240268094325,
        -0.3331413344404268,
        -0.07212337227636567,
        0.1541753936590219,
        -0.10461665786786396,
        -30.253591212550695
      ],
      "aruco_found": true,
      "aruco_pose_camera": {
        "R": [
          [
            0.6758902843823008,
            0.6167666821836516,
            0.40344910859460703
          ],
          [
            0.717796725394955,
            -0.675040444085096,
            -0.17055280666607664
          ],
          [
            0.16715317672689375,
            0.4048694340124567,
            -0.8989663825263662
          ]
        ],
        "t_mm": [
          -169.2725373993588,
          -41.29361135492614,
          427.26347325758763
        ]
      },
      "timestamp": "2026-02-02T12:40:41.108116"
    },
    {
      "index": 27,
      "toolhead_pose": [
        66.013329,
        -350.187561,
        290.704956,
        153.917835,
        0.244137,
        67.686827
      ],
      "tool_delta": [
        -0.09350647807599444,
        0.38470460722521693,
        -0.39456084805965475,
        -0.01776705338736027,
        -0.05366153976104842,
        -24.27363319113756
      ],
      "aruco_found": true,
      "aruco_pose_camera": {
        "R": [
          [
            0.30391636398371635,
            0.841105711616174,
            0.4474103548081636
          ],
          [
            0.92968965060453,
            -0.3644258636954678,
            0.053581185397851894
          ],
          [
            0.20811534605055915,
            0.3996685773943979,
            -0.8927222585898674
          ]
        ],
        "t_mm": [
          -116.85688649168473,
          -97.35319762099797,
          426.33530916998876
        ]
      },
      "timestamp": "2026-02-02T12:40:42.142575"
    },
    {
      "index": 28,
      "toolhead_pose": [
        65.74324,
        -353.283356,
        296.785828,
        156.595954,
        12.376347,
        92.079646
      ],
      "tool_delta": [
        -2.992417400115812,
        3.4991937222669094,
        -5.043310463164289,
        0.10291929988103535,
        -0.6728860307376734,
        -27.059157542787517
      ],
      "aruco_found": true,
      "aruco_pose_camera": {
        "R": [
          [
            -0.14522219547413417,
            0.9196465091611502,
            0.3649120608165528
          ],
          [
            0.9612953400667191,
            0.04386842115903822,
            0.2720052036101973
          ],
          [
            0.23414052000387275,
            0.3902894564457571,
            -0.8904225721979379
          ]
        ],
        "t_mm": [
          -38.71932683490526,
          -135.43900957090938,
          428.78601585684584
        ]
      },
      "timestamp": "2026-02-02T12:40:43.110795"
    },
    {
      "index": 29,
      "toolhead_pose": [
        64.932129,
        -363.252472,
        317.823486,
        166.149052,
        23.668657,
        119.448236
      ],
      "tool_delta": [
        -14.211324184978537,
        6.240678109160456,
        -17.369986489575354,
        1.3655280388306985,
        -1.869633654577143,
        -28.23975231240394
      ],
      "aruco_found": true,
      "aruco_pose_camera": {
        "R": [
          [
            -0.586482997983402,
            0.7834234951781178,
            0.20563394729300583
          ],
          [
            0.7654126485576473,
            0.4530288442251358,
            0.4570649228807718
          ],
          [
            0.2649172899309682,
            0.4254556304750707,
            -0.8653359671206852
          ]
        ],
        "t_mm": [
          61.662177394056535,
          -150.31551744199578,
          437.2760875312601
        ]
      },
      "timestamp": "2026-02-02T12:40:44.246329"
    },
    {
      "index": 30,
      "toolhead_pose": [
        70.134758,
        -341.106232,
        307.21048,
        155.510028,
        9.514996,
        91.997541
      ],
      "tool_delta": [
        19.580654662278334,
        14.250586982096252,
        6.608927648838886,
        -1.3139913178784997,
        4.892766472529491,
        29.411500687327617
      ],
      "aruco_found": true,
      "aruco_pose_camera": {
        "R": [
          [
            -0.12985106501725585,
            0.9132428208993681,
            0.3861686820414739
          ],
          [
            0.9747873854871751,
            0.046301682685141565,
            0.2182789666358212
          ],
          [
            0.18146143945467275,
            0.40477611621276405,
            -0.8962299045081843
          ]
        ],
        "t_mm": [
          -56.6551232194859,
          -112.06419177244113,
          446.12240960570466
        ]
      },
      "timestamp": "2026-02-02T12:40:45.258901"
    },
    {
      "index": 31,
      "toolhead_pose": [
        75.128326,
        -325.370789,
        302.695496,
        153.995356,
        -1.319751,
        77.355605
      ],
      "tool_delta": [
        16.084218676048692,
        4.260514413183557,
        4.008852056790062,
        0.09469000452673873,
        3.5215637800709527,
        17.83347055266583
      ],
      "aruco_found": true,
      "aruco_pose_camera": {
        "R": [
          [
            0.17234101243404676,
            0.8856062904782449,
            0.4312772584991815
          ],
          [
            0.978673563355736,
            -0.203631213671863,
            0.027062616412869445
          ],
          [
            0.11178833490929899,
            0.4174156526579787,
            -0.9018134735599819
          ]
        ],
        "t_mm": [
          -102.71371287621837,
          -56.115517263620454,
          450.5085947479137
        ]
      },
      "timestamp": "2026-02-02T12:40:46.281462"
    },
    {
      "index": 32,
      "toolhead_pose": [
        81.301842,
        -305.641113,
        298.474396,
        156.839691,
        -13.211433,
        61.679938
      ],
      "tool_delta": [
        20.499874096157328,
        -0.525909816879846,
        4.966757592578915,
        1.5219898226037216,
        4.0496616677131065,
        19.143852355408317
      ],
      "aruco_found": true,
      "aruco_pose_camera": {
        "R": [
          [
            0.48850886916937775,
            0.791591693944374,
            0.36707175704640094
          ],
          [
            0.8718870513897895,
            -0.4593432365637251,
            -0.16975500181726605
          ],
          [
            0.03423527948876723,
            0.40297193587325403,
            -0.9145717929921565
          ]
        ],
        "t_mm": [
          -117.58692721528213,
          19.18048908886978,
          454.60360446180914
        ]
      },
      "timestamp": "2026-02-02T12:40:47.215402"
    },
    {
      "index": 33,
      "toolhead_pose": [
        67.201942,
        -311.510529,
        291.131531,
        173.896644,
        -0.35128,
        76.000101
      ],
      "tool_delta": [
        -13.220247019031632,
        -10.597793792075606,
        0.2944929467919337,
        19.699465748527967,
        -5.786829617970894,
        -18.28518027012948
      ],
      "aruco_found": true,
      "aruco_pose_camera": {
        "R": [
          [
            0.2176967940869894,
            0.9670008050077327,
            0.13235387776201973
          ],
          [
            0.9719555037716977,
            -0.22714588127335045,
            0.06088716866843202
          ],
          [
            0.08894157932121462,
            0.11538713851617016,
            -0.9893306847222006
          ]
        ],
        "t_mm": [
          11.84025325773429,
          -51.90967166690756,
          448.9296341067595
        ]
      },
      "timestamp": "2026-02-02T12:40:50.754151"
    },
    {
      "index": 34,
      "toolhead_pose": [
        141.798492,
        -345.156555,
        248.897278,
        174.031347,
        -0.063541,
        86.218918
      ],
      "tool_delta": [
        -14.858860259924313,
        75.58314418755805,
        50.4661772919452,
        0.10043473401629928,
        0.8001964437375554,
        -10.191755316731383
      ],
      "aruco_found": true,
      "aruco_pose_camera": {
        "R": [
          [
            0.03670032590730732,
            0.9915757865591832,
            0.12421974717344647
          ],
          [
            0.9966911622680144,
            -0.04534079590025608,
            0.06746064989285654
          ],
          [
            0.07252456918267555,
            0.12133289634995463,
            -0.9899588451689285
          ]
        ],
        "t_mm": [
          -44.93658446216062,
          -67.61638620865156,
          400.0922163934871
        ]
      },
      "timestamp": "2026-02-02T12:40:53.422628"
    },
    {
      "index": 35,
      "toolhead_pose": [
        106.436089,
        -287.363617,
        101.789612,
        178.242873,
        -3.243743,
        85.3612
      ],
      "tool_delta": [
        55.172009643081765,
        -54.18787237698109,
        142.30570074235789,
        4.2185319398142616,
        3.0737763474420445,
        1.183979377178184
      ],
      "aruco_found": true,
      "aruco_pose_camera": {
        "R": [
          [
            0.056504059598805556,
            0.9982971062184001,
            0.014497550304226642
          ],
          [
            0.998393309558427,
            -0.056559449731143574,
            0.0034391968657905524
          ],
          [
            0.004253313746490732,
            0.01427992864404996,
            -0.9998889903184727
          ]
        ],
        "t_mm": [
          15.294270914350236,
          -2.259937953612774,
          259.28447541876284
        ]
      },
      "timestamp": "2026-02-02T12:40:56.060135"
    },
    {
      "index": 36,
      "toolhead_pose": [
        57.997749,
        -260.487518,
        40.988441,
        -177.664701,
        -3.126745,
        84.228348
      ],
      "tool_delta": [
        19.393663154473927,
        -52.33055480297287,
        60.42167440454205,
        4.027992576061851,
        -0.1509931315164495,
        1.1270684980629968
      ],
      "aruco_found": true,
      "aruco_pose_camera": {
        "R": [
          [
            0.0744068201023873,
            0.9967156954132254,
            -0.03196009448017439
          ],
          [
            0.9972270744617521,
            -0.07441149325844387,
            0.0010448117072953522
          ],
          [
            -0.0013368181275379611,
            -0.03194921263473109,
            -0.9994885995994724
          ]
        ],
        "t_mm": [
          70.62004769362493,
          17.046906260674305,
          193.161650483815
        ]
      },
      "timestamp": "2026-02-02T12:40:58.762641"
    },
    {
      "index": 37,
      "toolhead_pose": [
        66.772171,
        -345.433624,
        183.579758,
        -179.386382,
        1.97596,
        81.900363
      ],
      "tool_delta": [
        -75.73095367578264,
        11.270668688813345,
        -147.52257377247483,
        -1.8561095874158526,
        -5.000724149410831,
        2.542077842830489
      ],
      "aruco_found": true,
      "aruco_pose_camera": {
